BasicAHRS

BETA   RMSE
0      6.0309e-17 0.51934 0.67346
0.1    0.00057894 0.51808 0.671
0.2    0.0015904 0.51675 0.66777
0.3    0.0036461 0.51524 0.66372
0.4    0.0066933 0.51337 0.6587
0.5    0.010732 0.51082 0.65232
0.6    0.016155 0.50694 0.64358
0.7    0.023999 0.50007 0.63046
0.8    0.036355 0.48458 0.60894
0.9    0.058179 0.42841 0.56357
1      3.3249e-13 3.6225e-13 1.7838e-13

execTime =

    7.1810





With Error:
0      0.0046977 0.51931 0.67346
0.1    0.0044412 0.51805 0.671
0.2    0.004407 0.51672 0.66777
0.3    0.0052687 0.51521 0.66372
0.4    0.0075385 0.51333 0.65869
0.5    0.011167 0.51078 0.65232
0.6    0.016368 0.5069 0.64357
0.7    0.024085 0.50004 0.63045
0.8    0.036369 0.48455 0.60892
0.9    0.058155 0.42839 0.56353
1      0.054103 0.018248 0.057819

execTime =

    8.6679

>> 
