Mahony


KP     RMSE
0      0.13246 0.26185 0.099638
0.1    0.016726 0.041227 0.0094884
0.2    0.010224 0.031236 0.0038434
0.3    0.0080887 0.030166 0.0024785  <-- Lowest norm
0.4    0.0070195 0.032626 0.0020996
0.5    0.006338 0.036799 0.0019237
0.6    0.0058522 0.041846 0.0017999
0.7    0.0054877 0.047358 0.0017006
0.8    0.0052077 0.053128 0.0016195
0.9    0.0049909 0.059046 0.0015541
1      0.0048237 0.065048 0.001503
1.1    0.0046969 0.071095 0.0014649
1.2    0.0046036 0.077162 0.001439
1.3    0.004539 0.083233 0.0014245
1.4    0.0044988 0.089294 0.0014209
1.5    0.00448 0.095336 0.0014276
1.6    0.0044797 0.10135 0.0014441
1.7    0.0044958 0.10734 0.00147
1.8    0.0045263 0.11329 0.0015049
1.9    0.0045693 0.1192 0.0015481
2      0.0046234 0.12506 0.0015992
2.1    0.0046873 0.13088 0.0016577
2.2    0.0047597 0.13665 0.0017228
2.3    0.0048397 0.14237 0.0017942
2.4    0.0049262 0.14803 0.0018711
2.5    0.0050185 0.15364 0.001953

execTime =

   23.7780


With Error:

0      0.16152 0.28961 0.12383
0.1    0.023888 0.041598 0.018158
0.2    0.015739 0.031358 0.011568
0.3    0.012409 0.030271 0.008956
0.4    0.01055 0.032719 0.0075193
0.5    0.0093231 0.036877 0.0065669
0.6    0.0084342 0.041908 0.0058675
0.7    0.0077557 0.047407 0.0053231
0.8    0.0072216 0.053167 0.0048841
0.9    0.0067937 0.059076 0.0045219
1      0.0064475 0.06507 0.0042184
1.1    0.0061667 0.071112 0.0039615
1.2    0.0059396 0.077174 0.0037426
1.3    0.0057574 0.083241 0.0035554
1.4    0.0056136 0.089298 0.0033954
1.5    0.0055027 0.095338 0.003259
1.6    0.0054206 0.10135 0.0031436
1.7    0.0053635 0.10734 0.0030471
1.8    0.0053284 0.11329 0.002968
1.9    0.0053127 0.11919 0.0029047
2      0.0053141 0.12506 0.0028564
2.1    0.0053305 0.13087 0.002822
2.2    0.0053603 0.13664 0.0028007
2.3    0.0054019 0.14236 0.0027917
2.4    0.0054537 0.14802 0.0027941
2.5    0.0055148 0.15362 0.0028073

execTime =

   22.5659

